R+ 3
4017 3359
3940 3381
3914 3387
13334 3391
13756 3397
4120 3402
12862 3420
4330 3443
12497 3453
R- -3
12497 3453
4330 3463
12862 3486
4120 3504
13756 3509
13334 3515
3914 3519
3940 3525
4017 3547
13062 3554
20895 3554
13821 3563
4018 3575
4287 3582
19023 3587
3992 3609
19021 3644
19022 3647
4023 3650
19033 3655
4081 3666
4027 3706
19035 3734
15688 3736
4028 3738
4425 3743
15652 3761
13768 3777
4426 3790
6522 3827
R+ 3
4017 3359
3940 3381
3914 3387
13334 3391
13756 3397
4120 3402
12862 3420
4330 3443
12497 3453
R- -3
12497 3453
4330 3463
12862 3486
4120 3504
13756 3509
13334 3515
3914 3519
3940 3525
4017 3547
13062 3554
20895 3554
13821 3563
4018 3575
6522 3827
4426 3864
12560 3865
13213 3876
15442 3888
4425 3911
4028 3916
15688 3918
19035 3920
4027 3948
4081 3988
19033 3999
4023 4004
19022 4007
19021 4010
3992 4044
19023 4066
4287 4071
4018 4078
13821 4090
20895 4100
13062 4100
4017 4107
Loi-nhuan-theo-thoi-gian
0.0
0.0
0.0
0.0
0.0
0.0
0.0
0.0
0.0
0.0
0.0
0.0
0.0
0.0
0.0
0.0
0.0
0.0
0.0
0.0
0.0
0.0
0.0
0.0
0.0
0.0
0.0
0.0
0.0
0.0
0.0
0.0
0.0
0.0
0.0
0.0
0.0
0.0
0.0
0.0
0.0
0.0
0.0
0.0
0.0
0.0
0.0
0.0
0.0
