1
4373 -1 70 PASS -1
4374 102 102 PASS -1
3956 145 145 PASS -1
4367 176 176 PASS -1
15499 199 199 PASS -1
4366 210 210 PASS -1
16037 230 230 PASS -1
4365 254 254 PASS -1
3968 263 263 PASS -1
3969 276 276 PASS -1
4028 338 338 PASS -1
4030 425 425 PASS -1
14555 443 443 PASS -1
3910 468 468 PASS -1
3943 508 508 PASS -1
3970 515 515 PASS -1
4036 533 533 PASS -1
12640 561 561 PASS -1
4150 613 613 PASS -1
3945 620 620 PASS -1
3971 629 629 PASS -1
4048 658 658 PASS -1
4049 698 698 PASS -1
4318 708 708 PASS -1
4023 744 744 PASS -1
4024 795 795 PASS -1
4453 807 807 PASS -1
6558 809 809 PASS -1
6846 815 815 PASS -1
6316 858 858 PASS -1
6126 889 889 PASS -1
6215 946 946 PASS -1
14305 962 962 PASS -1
13976 1018 1018 PASS -1
6131 1030 1030 PASS -1
6026 1036 1036 PASS -1
17448 1073 1073 PASS -1
17354 1080 1080 PASS -1
6120 1083 1083 PASS -1
14459 1137 1137 PASS -1
15164 1163 1163 PASS -1
12618 1175 1175 PASS -1
12619 1221 1221 PASS -1
13887 1228 1228 PASS -1
14236 1236 1236 PASS -1
14373 1243 1243 PASS -1
13115 1254 1254 PASS -1
6575 1261 1261 PASS -1
17182 1272 1272 PASS -1
13912 1283 1283 PASS -1
6964 1333 1333 PASS -1
6961 1379 1379 PASS -1
6962 1402 1402 PASS -1
16903 1435 1435 PASS -1
7050 1459 1459 PASS -1
7477 1479 1479 PASS -1
7478 1487 1487 PASS -1
7071 1531 1531 PASS -1
7479 1544 1544 PASS -1
15047 1557 1557 PASS -1
16628 1570 1570 PASS -1
7190 1585 1585 PASS -1
7165 1617 1617 PASS -1
7188 1633 1633 PASS -1
7157 1647 1647 PASS -1
7156 1656 1656 PASS -1
13301 1670 1670 PASS -1
7163 1690 1690 PASS -1
7021 1787 1787 PASS -1
15092 1897 1897 PASS -1
6948 1920 1920 PASS -1
12938 1951 1951 PASS -1
7184 1971 1971 PASS -1
7182 2008 2008 PASS -1
7098 2069 2069 PASS -1
17045 2081 2081 PASS -1
7096 2088 2088 PASS -1
7441 2109 2109 PASS -1
7440 2115 2115 PASS -1
7443 2154 2154 PASS -1
14922 2184 2184 PASS -1
17040 2186 2186 PASS -1
9433 2199 2199 PASS -1
9432 2226 2226 PASS -1
9519 2277 2277 PASS -1
9544 2297 2297 PASS -1
9545 2311 2311 PASS -1
9705 2366 2366 PASS -1
14738 2376 2376 PASS -1
9702 2410 2410 PASS -1
9703 2413 2413 PASS -1
9720 2477 2477 PASS -1
9698 2530 2530 PASS -1
9505 2572 2572 PASS -1
9506 2590 2590 PASS -1
9495 2635 2665 PICKUP_PEOPLE 0
9506 2708 2708 PASS -1
9505 2726 2726 PASS -1
9698 2768 2768 PASS -1
9720 2821 2821 PASS -1
9703 2885 2885 PASS -1
9702 2888 2888 PASS -1
14738 2922 2922 PASS -1
9705 2932 2932 PASS -1
9545 2987 2987 PASS -1
9544 3001 3001 PASS -1
9519 3021 3021 PASS -1
9432 3072 3072 PASS -1
9433 3099 3099 PASS -1
17040 3112 3112 PASS -1
14922 3114 3114 PASS -1
7443 3144 3144 PASS -1
7440 3183 3183 PASS -1
7441 3189 3189 PASS -1
7438 3228 3228 PASS -1
15321 3235 3235 PASS -1
14631 3262 3262 PASS -1
18337 3320 3320 PASS -1
14304 3343 3343 PASS -1
13097 3354 3354 PASS -1
17967 3379 3379 PASS -1
15957 3484 3484 PASS -1
14851 3528 3528 PASS -1
13769 3600 3600 PASS -1
12847 3613 3613 PASS -1
15649 3666 3666 PASS -1
18676 3671 3671 PASS -1
17716 3695 3695 PASS -1
15695 3724 3724 PASS -1
16595 3759 3759 PASS -1
18393 3779 3779 PASS -1
17932 3794 3794 PASS -1
14140 3798 3798 PASS -1
12577 3835 3865 DELIVERY_PEOPLE 0
14140 3877 3877 PASS -1
17932 3881 3881 PASS -1
18393 3896 3896 PASS -1
16595 3916 3916 PASS -1
15695 3951 3951 PASS -1
17716 3980 3980 PASS -1
18676 4004 4004 PASS -1
15649 4009 4009 PASS -1
12847 4065 4095 PICKUP_PARCEL 11772
13769 4108 4108 PASS -1
14851 4180 4180 PASS -1
15957 4224 4224 PASS -1
17967 4329 4329 PASS -1
13097 4354 4354 PASS -1
14304 4365 4365 PASS -1
18337 4388 4388 PASS -1
14631 4446 4446 PASS -1
15321 4473 4473 PASS -1
7438 4480 4480 PASS -1
7441 4519 4519 PASS -1
7440 4525 4525 PASS -1
7443 4564 4564 PASS -1
15644 4579 4579 PASS -1
7436 4595 4595 PASS -1
9742 4637 4637 PASS -1
9743 4661 4661 PASS -1
9757 4689 4689 PASS -1
9569 4739 4739 PASS -1
9778 4776 4776 PASS -1
17037 4806 4806 PASS -1
12993 4835 4835 DELIVERY_PARCEL 11772
17037 4845 4845 PASS -1
9778 4875 4875 PASS -1
9569 4912 4912 PASS -1
9570 4933 4933 PASS -1
9511 4962 4962 PASS -1
9519 4992 4992 PASS -1
9544 5012 5012 PASS -1
9715 5017 5017 PASS -1
16381 5032 5032 PASS -1
16982 5090 5090 PASS -1
9713 5100 5100 PASS -1
9712 5119 5119 PASS -1
9723 5135 5135 PASS -1
9722 5169 5169 PASS -1
9724 5204 5204 PASS -1
9725 5259 5259 PASS -1
9721 5281 5281 PASS -1
16392 5297 5297 PASS -1
9485 5309 5309 PASS -1
9678 5330 5330 PASS -1
9500 5380 5385 PICKUP_PARCEL 11889
9499 5394 5394 PASS -1
9498 5445 5445 PASS -1
9490 5477 5477 PASS -1
9497 5580 5585 DELIVERY_PARCEL 11889
9490 5684 5684 PASS -1
9498 5716 5716 PASS -1
9499 5767 5767 PASS -1
9500 5780 5810 PICKUP_PARCEL 12076
9499 5819 5819 PASS -1
9498 5870 5870 PASS -1
9490 5902 5902 PASS -1
9497 6005 6005 DELIVERY_PARCEL 12076
9490 6104 6104 PASS -1
9498 6136 6136 PASS -1
9499 6187 6187 PASS -1
9500 6196 6196 PASS -1
9678 6232 6232 PASS -1
9485 6260 6280 PICKUP_PEOPLE 1089
16392 6292 6292 PASS -1
9721 6308 6308 PASS -1
9725 6330 6330 PASS -1
9724 6385 6385 PASS -1
9722 6420 6420 PASS -1
9723 6454 6454 PASS -1
9712 6470 6470 PASS -1
9713 6489 6489 PASS -1
16982 6499 6499 PASS -1
16381 6557 6557 PASS -1
9715 6572 6572 PASS -1
9544 6577 6577 PASS -1
9519 6597 6597 PASS -1
9511 6627 6627 PASS -1
9570 6656 6656 PASS -1
9569 6677 6677 PASS -1
9778 6714 6714 PASS -1
17037 6744 6744 PASS -1
12993 6754 6754 PASS -1
16793 6783 6783 PASS -1
18051 6815 6815 PASS -1
15506 6855 6855 PASS -1
16690 6910 6910 PASS -1
13453 6928 6928 PASS -1
13694 7025 7055 DELIVERY_PEOPLE 1089
14944 7074 7074 PASS -1
9776 7086 7086 PASS -1
18104 7102 7102 PASS -1
17862 7112 7112 PASS -1
17790 7134 7134 PASS -1
13595 7147 7147 PASS -1
9777 7165 7195 PICKUP_PARCEL 12237
13595 7210 7210 PASS -1
17790 7223 7223 PASS -1
17862 7245 7245 PASS -1
18104 7255 7255 PASS -1
9776 7271 7271 PASS -1
14944 7283 7283 PASS -1
13694 7302 7302 PASS -1
13453 7382 7382 PASS -1
16690 7400 7400 PASS -1
15506 7455 7455 PASS -1
18051 7495 7495 PASS -1
16793 7527 7527 PASS -1
12993 7556 7556 PASS -1
17037 7566 7566 PASS -1
9778 7596 7596 PASS -1
9569 7633 7633 PASS -1
9570 7654 7654 PASS -1
16048 7686 7686 PASS -1
13096 7711 7711 PASS -1
13618 7739 7739 PASS -1
12897 7791 7791 PASS -1
16093 7849 7849 PASS -1
14630 7870 7870 PASS -1
13110 7902 7902 PASS -1
9576 7979 7979 PASS -1
13721 7988 7988 PASS -1
9577 8014 8014 PASS -1
9578 8018 8018 PASS -1
9550 8044 8044 PASS -1
9551 8092 8092 PASS -1
9552 8107 8107 PASS -1
15699 8133 8133 PASS -1
9441 8176 8176 PASS -1
12614 8220 8250 DELIVERY_PARCEL 12237
9441 8265 8265 PASS -1
9514 8309 8309 PASS -1
9439 8362 8362 PASS -1
9523 8373 8373 PASS -1
18708 8405 8405 PASS -1
9435 8416 8416 PASS -1
9436 8440 8440 PASS -1
13865 8446 8446 PASS -1
13780 8457 8457 PASS -1
17954 8478 8478 PASS -1
17839 8494 8494 PASS -1
7104 8508 8508 PASS -1
7640 8535 8555 PICKUP_PEOPLE 1733
7104 8575 8575 PASS -1
7639 8585 8585 PASS -1
7638 8625 8655 DELIVERY_PEOPLE 1733
7637 8710 8710 PASS -1
7636 8732 8732 PASS -1
7635 8751 8751 PASS -1
7634 8761 8761 PASS -1
6758 8765 8765 PASS -1
6759 8797 8797 PASS -1
6760 8823 8823 PASS -1
6761 8832 8832 PASS -1
6839 8871 8871 PASS -1
6590 8897 8897 PASS -1
6765 8901 8901 PASS -1
6766 8945 8975 PICKUP_PARCEL 12948
6767 8987 8987 PASS -1
6768 9009 9009 PASS -1
6769 9017 9017 PASS -1
6036 9029 9029 PASS -1
6770 9051 9051 PASS -1
6771 9057 9057 PASS -1
6772 9078 9078 PASS -1
6773 9084 9084 PASS -1
6774 9096 9096 PASS -1
6775 9111 9111 PASS -1
6776 9115 9115 PASS -1
6777 9121 9121 PASS -1
6778 9127 9127 PASS -1
6385 9162 9162 PASS -1
6387 9167 9167 PASS -1
14576 9175 9175 DELIVERY_PARCEL 12948
6387 9183 9183 PASS -1
6779 9203 9203 PASS -1
6780 9225 9225 PASS -1
6428 9240 9240 PASS -1
6425 9251 9251 PASS -1
6389 9267 9267 PASS -1
6188 9330 9330 PASS -1
6181 9335 9335 PASS -1
6182 9345 9345 PASS -1
13797 9366 9366 PASS -1
16420 9378 9378 PASS -1
12932 9391 9391 PASS -1
17766 9416 9416 PASS -1
12598 9427 9427 PASS -1
12706 9434 9434 PASS -1
6444 9450 9450 PASS -1
13358 9475 9475 PICKUP_PARCEL 13093
13244 9491 9491 PASS -1
13028 9513 9513 PASS -1
6178 9550 9550 PASS -1
6176 9569 9569 PASS -1
6152 9585 9585 PASS -1
18312 9591 9591 PASS -1
6174 9608 9608 PASS -1
6438 9675 9675 PASS -1
6173 9703 9703 PASS -1
6155 9717 9717 PASS -1
6169 9740 9770 DELIVERY_PARCEL 13093
6155 9784 9784 PASS -1
6173 9798 9798 PASS -1
6443 9840 9840 PASS -1
16623 9849 9849 PASS -1
6171 9880 9880 PASS -1
13348 9902 9902 PASS -1
12905 9925 9925 PASS -1
14834 9937 9937 PASS -1
6170 9952 9952 PASS -1
6467 9960 9960 PASS -1
6468 9981 9981 PASS -1
17814 9995 9995 PASS -1
16258 10008 10008 PASS -1
6329 10046 10046 PASS -1
6327 10077 10077 PASS -1
6325 10098 10098 PASS -1
6010 10123 10123 PASS -1
6011 10162 10162 PASS -1
6244 10179 10179 PASS -1
14639 10227 10227 PASS -1
14635 10240 10240 PASS -1
13329 10265 10265 PASS -1
12730 10300 10300 PASS -1
6245 10309 10309 PASS -1
6481 10334 10334 PASS -1
6246 10351 10351 PASS -1
6247 10390 10390 PASS -1
6323 10397 10397 PASS -1
6324 10408 10408 PASS -1
6249 10429 10429 PASS -1
14346 10448 10448 PASS -1
12664 10465 10465 PASS -1
6250 10488 10488 PASS -1
13321 10506 10506 PASS -1
6252 10530 10530 PASS -1
16661 10562 10562 PASS -1
6528 10574 10574 PASS -1
6257 10606 10606 PASS -1
13084 10658 10658 PASS -1
6258 10663 10663 PASS -1
6535 10701 10701 PASS -1
6536 10720 10720 PASS -1
5956 10736 10736 PASS -1
6273 10752 10752 PASS -1
6266 10801 10801 PASS -1
6123 10804 10804 PASS -1
6110 10816 10816 PASS -1
16112 10839 10839 PASS -1
14988 10848 10848 PASS -1
4166 10857 10857 PASS -1
4345 10883 10883 PASS -1
4356 10904 10904 PASS -1
4349 10947 10947 PASS -1
16429 10960 10960 PASS -1
4090 11009 11009 PASS -1
4384 11055 11055 PASS -1
4383 11079 11079 PASS -1
4385 11133 11133 PASS -1
4368 11160 11160 PASS -1
14821 11185 11185 PASS -1
4369 11195 11195 PASS -1
16417 11198 11198 PASS -1
4373 11235 -1 FINISH_WORK -1
-1